ADJ RAND INDEX
min: 0.396455700398
median: 0.946307804157
max: 0.956573103707
mean: 0.850243614161

5 TOP CLUSTER SIZES
[  1575   1989   2277   5542 178525]
[  1569   1970   2288   5516 178460]
[  1576   1976   2276   5517 177971]
[  1565   1980   2301   5546 178398]
[  1568   1968   2281   5523 179023]
[  1561   1980   2299   5544 178348]
[  1557   1985   2291   5514 179168]
[  1581   1986   2287   5538 179298]
[  1572   1987   2303   5563 178543]
[  1568   1961   2272   5507 178846]
[  1570   1977   2286   5553 178295]
[  1586   1975   2289   5551 179136]
[  2256   2297   5581  48963 117464]
[ 2319  5600  7381 67938 94738]
[  1583   1976   2265   5515 179023]
[  1563   1977   2285   5551 179394]
[  1593   1974   2262   5607 178460]
[  1563   1987   2256   5529 178466]
[  1572   1994   2294   5553 178735]
[  1561   1977   2275   5523 178792]
[  1565   1991   2282   5542 179132]
[  1565   1982   2269   5537 178425]
[  1567   1975   2291   5515 179156]
[  1564   1982   2278   5522 178995]
[  1559   1998   2279   5550 178513]
[  1554   1979   2286   5523 178994]
[  1565   1964   2299   5533 178485]
[  1571   1975   2281   5496 178879]
[  1557   1997   2272   5525 178754]
[  1561   1985   2276   5525 178781]
[  1562   1995   2292   5545 179163]
[  1563   1991   2274   5531 178514]
[  2287   2355   5570  44517 122045]
[  2272   2280   5602  58857 109927]
[  1564   1986   2264   5507 178352]
[  1560   1970   2498   5562 178897]
[ 2375  5610  7192 67699 96157]
[  1556   1984   2295   5521 178673]
[  1572   1981   2274   5522 178417]
[  1566   1980   2309   5539 179061]
[  1575   1987   2265   5560 178472]
[  2286   2331   5581  64411 105749]
[  1563   1966   2287   5528 179403]
[  1570   1980   2271   5519 178234]
[  1553   1988   2260   5525 178376]
[  1556   1988   2286   5549 178725]
[  1566   1971   2255   5538 179044]
[  1562   1983   2314   5501 178636]
[  1564   2001   2287   5522 178115]
[  1556   1985   2317   5528 179198]
[  1556   1988   2283   5539 178772]
[  1566   1973   2266   5523 179090]
[ 2295  5576  7408 75883 85203]
[  1584   1982   2295   5527 178389]
[  1556   1992   2262   5522 179132]
[  1580   1990   2275   5519 178496]
[  1562   1988   2281   5528 179426]
[  2253   2297   5536  49467 117064]
[  1580   1974   2271   5516 179122]
[  1553   1985   2297   5555 178292]
[  1582   1999   2281   5517 179291]
[  1583   1986   2286   5525 178305]
[  1574   2004   2296   5521 178230]
[  1566   1993   2284   5501 178514]
[  1567   1982   2280   5515 178326]
[  1576   1988   2280   5543 178456]
[  1581   1993   2282   5538 178486]
[  1574   1990   2275   5525 178913]
[  1553   1981   2260   5534 178298]
[  1575   1987   2271   5525 179074]
[  1578   1977   2267   5581 178945]
[  1571   1991   2279   5526 178595]
[  1565   1980   2258   5581 178745]
[  1568   1970   2281   5538 179401]
[  1568   1979   2274   5550 178289]

EDGE CROSSINGS
cross: 24910 & within: 657709
cross: 24987 & within: 657632
cross: 25785 & within: 656834
cross: 24936 & within: 657683
cross: 24308 & within: 658311
cross: 25181 & within: 657438
cross: 24335 & within: 658284
cross: 24004 & within: 658615
cross: 24842 & within: 657777
cross: 24700 & within: 657919
cross: 25229 & within: 657390
cross: 24443 & within: 658176
cross: 87065 & within: 595554
cross: 100169 & within: 582450
cross: 24405 & within: 658214
cross: 24115 & within: 658504
cross: 24987 & within: 657632
cross: 24942 & within: 657677
cross: 24615 & within: 658004
cross: 24605 & within: 658014
cross: 24399 & within: 658220
cross: 24837 & within: 657782
cross: 24600 & within: 658019
cross: 24563 & within: 658056
cross: 24882 & within: 657737
cross: 24471 & within: 658148
cross: 25103 & within: 657516
cross: 24543 & within: 658076
cross: 24899 & within: 657720
cross: 24608 & within: 658011
cross: 24246 & within: 658373
cross: 24910 & within: 657709
cross: 81018 & within: 601601
cross: 81597 & within: 601022
cross: 25129 & within: 657490
cross: 24488 & within: 658131
cross: 98552 & within: 584067
cross: 24735 & within: 657884
cross: 24994 & within: 657625
cross: 24481 & within: 658138
cross: 24967 & within: 657652
cross: 79066 & within: 603553
cross: 23986 & within: 658633
cross: 25108 & within: 657511
cross: 25054 & within: 657565
cross: 24826 & within: 657793
cross: 24337 & within: 658282
cross: 24748 & within: 657871
cross: 25265 & within: 657354
cross: 24299 & within: 658320
cross: 24793 & within: 657826
cross: 24263 & within: 658356
cross: 104434 & within: 578185
cross: 24979 & within: 657640
cross: 24369 & within: 658250
cross: 24973 & within: 657646
cross: 24081 & within: 658538
cross: 86911 & within: 595708
cross: 24189 & within: 658430
cross: 24963 & within: 657656
cross: 24087 & within: 658532
cross: 25170 & within: 657449
cross: 25097 & within: 657522
cross: 25016 & within: 657603
cross: 25053 & within: 657566
cross: 24878 & within: 657741
cross: 24905 & within: 657714
cross: 24621 & within: 657998
cross: 25175 & within: 657444
cross: 24328 & within: 658291
cross: 24524 & within: 658095
cross: 24813 & within: 657806
cross: 24644 & within: 657975
cross: 24053 & within: 658566
cross: 25118 & within: 657501

MODULARITIES
0.231986735786
0.232282028551
0.233598060753
0.232477888736
0.230531851509
0.232516370813
0.229403899996
0.22849612452
0.231997767957
0.231055583981
0.232293437615
0.230609618846
0.475052748017
0.52251568425
0.230738730113
0.228603191052
0.232177330356
0.232293504767
0.231159307179
0.231174870662
0.230250271172
0.231993243829
0.23000269906
0.230804938435
0.23202600179
0.229841239492
0.231923050907
0.230844682995
0.230898155051
0.23135190371
0.230580151262
0.231811413595
0.475431416063
0.498798802347
0.232636938249
0.231078756572
0.522475983409
0.231431230834
0.232402191094
0.229969977246
0.231861454165
0.508954292032
0.22967668474
0.23279074927
0.232252542516
0.230579393397
0.230517477157
0.231423418651
0.233134119354
0.23016109037
0.231109743487
0.229619346851
0.513178980877
0.23229535698
0.230392925357
0.232052369045
0.228612911284
0.476955144071
0.230217633651
0.232657154086
0.228885729012
0.232647136768
0.232742774335
0.232190657566
0.2325868516
0.23228613473
0.231972502963
0.230146618591
0.232655158588
0.230264405991
0.230845322497
0.232024760788
0.23134621237
0.229669970517
0.232714817517
