ADJ RAND INDEX
min: 0.374548997703
median: 0.943063509284
max: 0.957989867089
mean: 0.840577988357

5 TOP CLUSTER SIZES
[   934   1105   2046   2359 147669]
[ 2045  2368  7689 38242 95922]
[ 1102  2031  2354 49182 93544]
[   942   1105   2045   2352 147837]
[   940   1103   2053   2335 148430]
[   932   1104   2038   2354 147887]
[   937   1106   2041   2336 147868]
[   949   1103   2027   2333 148015]
[   929   1104   2051   2339 148182]
[   936   1105   2046   2350 147575]
[   939   1105   2027   2332 147558]
[   934   1098   2047   2328 147219]
[   940   1106   2051   2328 148305]
[   937   1105   2038   2333 148622]
[   934   1103   2044   2328 148317]
[   934   1102   2043   2339 148054]
[   939   1106   2052   2330 147733]
[   949   1103   2045   2340 148230]
[ 2047  2360  7591 40612 94555]
[   941   1107   2035   2323 148185]
[   939   1112   2033   2343 147752]
[   936   1103   2035   2345 147649]
[   931   1100   2054   2336 148304]
[ 1109  2040  2359 42107 99512]
[   940   1102   2042   2361 147566]
[   930   1105   2028   2368 148000]
[   945   1103   2044   2339 148122]
[   933   1105   2050   2336 148254]
[ 1107  2034  2367 51921 91191]
[   930   1106   2036   2353 147898]
[   939   1102   2039   2347 147389]
[ 2059  2350  7358 43473 91347]
[   936   1105   2043   2334 147798]
[   931   1107   2048   2330 148329]
[   934   1105   2049   2326 148538]
[   929   1107   2042   2355 148254]
[   941   1103   2040   2340 147089]
[   944   1106   2048   2344 147884]
[   930   1102   2043   2349 147324]
[   940   1100   2036   2344 148239]
[   933   1105   2021   2340 147855]
[   929   1108   2049   2354 147632]
[   935   1110   2038   2354 147355]
[   934   1105   2048   2348 147084]
[   944   1101   2041   2326 148202]
[   941   1103   2048   2349 147769]
[   933   1106   2034   2356 148118]
[   959   1107   2042   2344 147721]
[   930   1102   2040   2336 147756]
[   923   1107   2038   2365 148279]
[   933   1109   2030   2346 147646]
[   935   1110   2046   2356 147805]
[   948   1101   2052   2334 148429]
[ 1106  2032  2340 42684 98878]
[   946   1107   2041   2314 146992]
[   950   1104   2040   2335 148346]
[   938   1110   2039   2353 147538]
[   940   1103   2040   2348 147851]
[   938   1105   2043   2349 147213]
[   929   1105   2024   2354 147620]
[   943   1100   2036   2341 147696]
[   936   1103   2049   2341 148241]
[   936   1103   2039   2343 147737]
[   945   1101   2039   2359 147718]
[   938   1102   2049   2329 147683]
[   947   1099   2052   2329 147768]
[   935   1102   2053   2335 147091]
[   937   1103   2053   2330 147787]
[   932   1102   2032   2327 147677]
[   932   1107   2035   2330 147890]
[   932   1107   2040   2350 147653]
[   932   1108   2051   2330 147762]
[   937   1106   2039   2343 148613]
[   945   1104   2039   2352 147261]
[ 2055  2335  7551 39266 94883]

EDGE CROSSINGS
cross: 14247 & within: 477555
cross: 59215 & within: 432587
cross: 53233 & within: 438569
cross: 14156 & within: 477646
cross: 13535 & within: 478267
cross: 13957 & within: 477845
cross: 14053 & within: 477749
cross: 13818 & within: 477984
cross: 13670 & within: 478132
cross: 14335 & within: 477467
cross: 14352 & within: 477450
cross: 14745 & within: 477057
cross: 13515 & within: 478287
cross: 13311 & within: 478491
cross: 13545 & within: 478257
cross: 13769 & within: 478033
cross: 14200 & within: 477602
cross: 13690 & within: 478112
cross: 58032 & within: 433770
cross: 13798 & within: 478004
cross: 14142 & within: 477660
cross: 14222 & within: 477580
cross: 13629 & within: 478173
cross: 56895 & within: 434907
cross: 14278 & within: 477524
cross: 13898 & within: 477904
cross: 13702 & within: 478100
cross: 13607 & within: 478195
cross: 52314 & within: 439488
cross: 14100 & within: 477702
cross: 14492 & within: 477310
cross: 58299 & within: 433503
cross: 14151 & within: 477651
cross: 13565 & within: 478237
cross: 13359 & within: 478443
cross: 13619 & within: 478183
cross: 14679 & within: 477123
cross: 13936 & within: 477866
cross: 14623 & within: 477179
cross: 13646 & within: 478156
cross: 13952 & within: 477850
cross: 14186 & within: 477616
cross: 14447 & within: 477355
cross: 14803 & within: 476999
cross: 13691 & within: 478111
cross: 14111 & within: 477691
cross: 13741 & within: 478061
cross: 14148 & within: 477654
cross: 14049 & within: 477753
cross: 13482 & within: 478320
cross: 14284 & within: 477518
cross: 14032 & within: 477770
cross: 13442 & within: 478360
cross: 56621 & within: 435181
cross: 14837 & within: 476965
cross: 13519 & within: 478283
cross: 14335 & within: 477467
cross: 13963 & within: 477839
cross: 14642 & within: 477160
cross: 14273 & within: 477529
cross: 14222 & within: 477580
cross: 13580 & within: 478222
cross: 14207 & within: 477595
cross: 14150 & within: 477652
cross: 14139 & within: 477663
cross: 14144 & within: 477658
cross: 14825 & within: 476977
cross: 14072 & within: 477730
cross: 14227 & within: 477575
cross: 14032 & within: 477770
cross: 14334 & within: 477468
cross: 14094 & within: 477708
cross: 13286 & within: 478516
cross: 14815 & within: 476987
cross: 59109 & within: 432693

MODULARITIES
0.152942229394
0.459869624041
0.461821512886
0.151917549622
0.149700511051
0.151530563056
0.151788622797
0.151337009252
0.150434794777
0.153235806043
0.153341755673
0.154617059432
0.15004190042
0.147716704805
0.148652891731
0.151211320704
0.152222443215
0.149042165494
0.464767245052
0.150701928823
0.152284441456
0.152732576759
0.148609284818
0.435862625471
0.15260762618
0.15001839871
0.150940362874
0.150232479639
0.469803872517
0.151850515806
0.15383422881
0.476018680749
0.152093568548
0.150008574836
0.148150725379
0.148819323045
0.154931162481
0.151717945491
0.154222518208
0.150393024902
0.151580037235
0.152875059423
0.153895799076
0.154813186463
0.150736450712
0.15219260741
0.150859379153
0.152317843819
0.152075773428
0.148693427476
0.152790372986
0.151916453706
0.148006124865
0.438765892047
0.155117195139
0.150155316631
0.153048495877
0.151902708477
0.154275497104
0.152570752171
0.152535776856
0.148884190897
0.152227881617
0.152488552575
0.152467234785
0.152065146662
0.155017852311
0.152080876517
0.152845714882
0.151776055635
0.152635158246
0.152018257655
0.147829756253
0.153852816389
0.464067646878
