ADJ RAND INDEX
min: 0.770555879458
median: 0.804844213085
max: 0.826610842
mean: 0.804529305473

5 TOP CLUSTER SIZES
[  286   479   755  3540 27741]
[  300   474   793  3526 27415]
[  275   475   809  3414 28613]
[  289   472   773  3484 27885]
[  281   489   777  3564 27694]
[  297   490   802  3505 26846]
[  320   485   798  3517 28146]
[  303   492   786  3407 27317]
[  282   491   781  3436 27250]
[  287   448   756  3536 27598]
[  294   474   779  3402 28378]
[  295   476   759  3549 28138]
[  291   496   780  3506 28126]
[  295   468   731  3440 28127]
[  278   475   756  3461 28020]
[  278   472   785  3489 27554]
[  267   501   789  3468 28267]
[  291   453   770  3502 28126]
[  275   466   777  3453 27748]
[  300   493   785  3456 27873]
[  282   460   814  3470 27410]
[  285   464   777  3574 27845]
[  300   473   746  3520 28481]
[  303   468   766  3478 28227]
[  319   482   819  3459 27746]
[  303   468   783  3451 27954]
[  284   494   755  3480 28051]
[  296   474   844  3495 27807]
[  306   488   783  3494 28235]
[  317   509   773  3466 27490]
[  280   499   792  3566 27807]
[  294   497   760  3574 27625]
[  296   467   768  3497 28247]
[  304   486   809  3456 27686]
[  309   487   774  3497 28473]
[  290   479   736  3519 28468]
[  289   490   797  3481 27736]
[  297   486   782  3392 27597]
[  288   480   767  3457 28089]
[  292   489   783  3480 27987]
[  306   476   754  3508 27620]
[  311   480   773  3438 28276]
[  284   454   739  3438 28327]
[  310   465   830  3427 27458]
[  296   481   795  3466 27930]
[  307   473   829  3497 28268]
[  309   507   781  3407 28067]
[  288   495   786  3444 27504]
[  292   482   800  3402 27630]
[  281   471   784  3440 28010]
[  295   468   761  3466 27307]
[  287   481   777  3462 27812]
[  290   470   771  3444 28308]
[  286   503   729  3495 27647]
[  292   475   829  3431 27866]
[  275   472   797  3516 27800]
[  292   480   755  3504 28018]
[  284   481   765  3503 27801]
[  301   477   735  3457 28452]
[  273   460   787  3493 27772]
[  288   506   790  3462 27675]
[  295   462   765  3467 27516]
[  312   472   789  3493 27628]
[  309   473   755  3455 28439]
[  276   470   803  3456 27947]
[  293   498   778  3463 28232]
[  285   475   784  3424 28292]
[  292   452   791  3468 28162]
[  299   483   756  3442 28250]
[  286   482   781  3473 27835]
[  304   463   812  3474 28251]
[  301   456   798  3405 27882]
[  301   480   780  3489 27655]
[  301   457   769  3463 28559]
[  304   467   820  3446 28034]

EDGE CROSSINGS
cross: 11714 & within: 50757
cross: 12005 & within: 50466
cross: 11273 & within: 51198
cross: 11698 & within: 50773
cross: 11769 & within: 50702
cross: 12325 & within: 50146
cross: 11530 & within: 50941
cross: 12076 & within: 50395
cross: 12106 & within: 50365
cross: 11840 & within: 50631
cross: 11442 & within: 51029
cross: 11573 & within: 50898
cross: 11465 & within: 51006
cross: 11552 & within: 50919
cross: 11617 & within: 50854
cross: 11905 & within: 50566
cross: 11489 & within: 50982
cross: 11603 & within: 50868
cross: 11798 & within: 50673
cross: 11837 & within: 50634
cross: 11958 & within: 50513
cross: 11764 & within: 50707
cross: 11361 & within: 51110
cross: 11516 & within: 50955
cross: 11756 & within: 50715
cross: 11643 & within: 50828
cross: 11601 & within: 50870
cross: 11765 & within: 50706
cross: 11503 & within: 50968
cross: 11933 & within: 50538
cross: 11739 & within: 50732
cross: 11836 & within: 50635
cross: 11479 & within: 50992
cross: 11837 & within: 50634
cross: 11367 & within: 51104
cross: 11332 & within: 51139
cross: 11735 & within: 50736
cross: 11884 & within: 50587
cross: 11551 & within: 50920
cross: 11636 & within: 50835
cross: 11931 & within: 50540
cross: 11454 & within: 51017
cross: 11486 & within: 50985
cross: 12013 & within: 50458
cross: 11685 & within: 50786
cross: 11450 & within: 51021
cross: 11558 & within: 50913
cross: 11966 & within: 50505
cross: 11845 & within: 50626
cross: 11600 & within: 50871
cross: 12101 & within: 50370
cross: 11737 & within: 50734
cross: 11478 & within: 50993
cross: 11890 & within: 50581
cross: 11808 & within: 50663
cross: 11793 & within: 50678
cross: 11676 & within: 50795
cross: 11805 & within: 50666
cross: 11356 & within: 51115
cross: 11826 & within: 50645
cross: 11861 & within: 50610
cross: 11907 & within: 50564
cross: 11829 & within: 50642
cross: 11403 & within: 51068
cross: 11754 & within: 50717
cross: 11482 & within: 50989
cross: 11461 & within: 51010
cross: 11592 & within: 50879
cross: 11519 & within: 50952
cross: 11742 & within: 50729
cross: 11479 & within: 50992
cross: 11781 & within: 50690
cross: 11865 & within: 50606
cross: 11290 & within: 51181
cross: 11649 & within: 50822

MODULARITIES
0.532273094868
0.537064546127
0.5150341047
0.529214555057
0.532359712446
0.547701856028
0.52458463504
0.538919525645
0.540775384698
0.534471209509
0.520170997991
0.523763811925
0.525198979996
0.524922636185
0.526913113831
0.535503759941
0.522846129409
0.525653042228
0.532220215727
0.529274046669
0.537550567738
0.529921551093
0.518347103826
0.523132830606
0.531942492844
0.527545784526
0.526564695983
0.530719037229
0.522940842178
0.537025017229
0.53060185177
0.5347549641
0.523117141811
0.53391917542
0.518165878664
0.518425565358
0.532243550401
0.533856062016
0.52602449649
0.52667867911
0.533447856602
0.522088141552
0.521581965562
0.537623285957
0.529379465435
0.522939389951
0.52633405294
0.535358643673
0.533673192705
0.527161699409
0.539986539668
0.530996504515
0.521388852891
0.533389955842
0.529347522583
0.53027633914
0.526739079981
0.530167053363
0.519299764586
0.531156925223
0.533342816043
0.53609741165
0.534399408493
0.518278906794
0.527998450646
0.523416655663
0.521949417646
0.523801223915
0.522598125619
0.529885039907
0.522059843553
0.528428834974
0.533672915584
0.517405512664
0.526513557465
