ADJ RAND INDEX
min: 0.806107574254
median: 0.827275934927
max: 0.84629294785
mean: 0.827150462979

5 TOP CLUSTER SIZES
[  268   486   798  3463 27290]
[  264   478   818  3468 26890]
[  257   469   813  3449 27314]
[  277   493   818  3514 27351]
[  305   457   792  3493 27250]
[  254   464   834  3492 26729]
[  276   472   800  3469 27306]
[  210   271   821  3992 27367]
[  256   479   840  3496 27045]
[  269   494   802  3382 26923]
[  272   464   770  3491 27172]
[  249   460   789  3464 27255]
[  250   478   828  3485 27121]
[  255   484   808  3537 27040]
[  255   501   795  3478 27266]
[  265   463   771  3490 27310]
[  290   485   802  3507 27180]
[  268   458   781  3452 27246]
[  270   467   819  3516 27138]
[  268   466   758  3482 27253]
[  251   474   754  3522 27366]
[  263   469   797  3462 27230]
[  256   464   795  3498 26975]
[  266   485   771  3509 27228]
[  272   475   760  3489 26994]
[  281   464   790  3446 27437]
[  248   501   808  3540 27190]
[  252   470   790  3520 27023]
[  254   480   820  3473 26859]
[  254   502   812  3489 27191]
[  288   469   815  3506 27375]
[  232   461   801  3450 26862]
[  271   483   811  3497 26570]
[  261   471   784  3451 26953]
[  254   472   798  3465 26945]
[  252   486   827  3525 27424]
[  253   467   806  3409 26932]
[  272   465   816  3486 26937]
[  271   476   784  3518 26926]
[  259   479   778  3465 27095]
[  247   471   823  3446 27275]
[  253   480   775  3474 26978]
[  247   484   790  3469 26885]
[  256   495   786  3560 26937]
[  252   454   814  3483 27132]
[  231   487   791  3437 27662]
[  271   491   818  3543 26961]
[  251   460   820  3494 26910]
[  280   497   787  3479 27214]
[  246   486   788  3485 27289]
[  267   467   807  3538 27064]
[  259   464   772  3546 26905]
[  271   475   795  3523 27100]
[  251   491   781  3525 27069]
[  270   467   806  3541 27159]
[  269   536   788  3434 26982]
[  276   476   793  3456 27225]
[  261   470   812  3458 27301]
[  264   487   792  3455 26899]
[  265   448   766  3505 27116]
[  260   462   800  3497 27003]
[  242   460   770  3436 27275]
[  253   478   827  3497 27161]
[  253   478   802  3504 27076]
[  252   464   794  3472 27030]
[  262   473   783  3503 27189]
[  281   504   779  3479 26647]
[  278   481   800  3505 26901]
[  259   484   818  3487 27438]
[  259   481   823  3491 27242]
[  266   471   778  3459 27220]
[  280   472   800  3443 27028]
[  267   484   781  3428 27607]
[  268   472   788  3479 27025]
[  250   462   780  3446 27068]

EDGE CROSSINGS
cross: 8210 & within: 44058
cross: 8429 & within: 43839
cross: 8200 & within: 44068
cross: 8102 & within: 44166
cross: 8173 & within: 44095
cross: 8501 & within: 43767
cross: 8152 & within: 44116
cross: 8053 & within: 44215
cross: 8310 & within: 43958
cross: 8401 & within: 43867
cross: 8217 & within: 44051
cross: 8172 & within: 44096
cross: 8295 & within: 43973
cross: 8321 & within: 43947
cross: 8186 & within: 44082
cross: 8131 & within: 44137
cross: 8186 & within: 44082
cross: 8238 & within: 44030
cross: 8177 & within: 44091
cross: 8208 & within: 44060
cross: 8080 & within: 44188
cross: 8210 & within: 44058
cross: 8321 & within: 43947
cross: 8253 & within: 44015
cross: 8380 & within: 43888
cross: 8133 & within: 44135
cross: 8188 & within: 44080
cross: 8308 & within: 43960
cross: 8467 & within: 43801
cross: 8199 & within: 44069
cross: 8076 & within: 44192
cross: 8432 & within: 43836
cross: 8596 & within: 43672
cross: 8352 & within: 43916
cross: 8393 & within: 43875
cross: 8075 & within: 44193
cross: 8402 & within: 43866
cross: 8396 & within: 43872
cross: 8354 & within: 43914
cross: 8279 & within: 43989
cross: 8215 & within: 44053
cross: 8384 & within: 43884
cross: 8475 & within: 43793
cross: 8365 & within: 43903
cross: 8248 & within: 44020
cross: 7981 & within: 44287
cross: 8308 & within: 43960
cross: 8389 & within: 43879
cross: 8178 & within: 44090
cross: 8170 & within: 44098
cross: 8282 & within: 43986
cross: 8397 & within: 43871
cross: 8354 & within: 43914
cross: 8280 & within: 43988
cross: 8199 & within: 44069
cross: 8374 & within: 43894
cross: 8247 & within: 44021
cross: 8219 & within: 44049
cross: 8411 & within: 43857
cross: 8250 & within: 44018
cross: 8363 & within: 43905
cross: 8200 & within: 44068
cross: 8266 & within: 44002
cross: 8303 & within: 43965
cross: 8300 & within: 43968
cross: 8271 & within: 43997
cross: 8546 & within: 43722
cross: 8399 & within: 43869
cross: 8065 & within: 44203
cross: 8188 & within: 44080
cross: 8169 & within: 44099
cross: 8353 & within: 43915
cross: 8021 & within: 44247
cross: 8359 & within: 43909
cross: 8345 & within: 43923

MODULARITIES
0.4827079735
0.492193038776
0.481418221687
0.480289792006
0.483892931614
0.496867129761
0.481896279285
0.479369807496
0.488070460412
0.491242758255
0.48467286566
0.482961032694
0.486027003131
0.488733144426
0.482421027629
0.482136750005
0.484825432304
0.4829760535
0.485422319028
0.481876936647
0.479465800685
0.483950760951
0.490168105301
0.483939446663
0.489001401956
0.478413317111
0.485275426366
0.489255402969
0.492725204184
0.48464459513
0.480440430352
0.492693416561
0.499953973431
0.490758335227
0.490619013731
0.478931741753
0.490706030162
0.491030949178
0.492181757614
0.487275279896
0.483113590003
0.4894080258
0.492837911663
0.491373227812
0.485734872307
0.47308385284
0.490088490743
0.492202815697
0.483959209331
0.482683079138
0.488446342592
0.492599274252
0.486949499588
0.487493579224
0.48526498252
0.4901361202
0.484011452902
0.482834140443
0.492293278758
0.485935587818
0.489178866256
0.481900913714
0.484457821524
0.486496001976
0.489773332909
0.484909721189
0.498653130065
0.492524803285
0.478544419733
0.482817235264
0.484595804412
0.488363391033
0.473754402499
0.487974571178
0.487901541309
