ADJ RAND INDEX
min: 0.415863982882
median: 0.895174833565
max: 0.947646000792
mean: 0.785046292858

5 TOP CLUSTER SIZES
[  1989   2297   4610   4615 115392]
[  1976   2319   4584   4637 114844]
[  2005   2324   4596   4601 116296]
[ 1994  2327  4573 54064 64203]
[ 2007  2340  4568 55441 63500]
[  2002   2321   4585   4630 116293]
[ 2003  2329  4571 56264 63754]
[ 1983  2347  4583 55177 63629]
[ 2333  4573  4594 48893 63683]
[ 2001  2339  4568 55177 63851]
[ 1988  2339  4589 55294 63819]
[ 2317  4574  4577 48738 63838]
[ 2004  2321  4586 54950 63710]
[ 2005  2312  4603 54689 63748]
[ 1976  2330  4574 55573 63830]
[ 1992  2327  4569 55452 63644]
[ 1993  2318  4599 55113 63617]
[ 1986  2327  4583 54836 63707]
[ 2325  4600  4636 49397 63789]
[ 1987  2333  4582 55512 63858]
[ 1987  2309  4576 55453 63792]
[  1986   2312   4564   4607 116709]
[ 4579  4611 13276 48820 50367]
[ 1997  2315  4573 55835 63815]
[ 2002  2332  4598 55671 63531]
[ 2349  4603  4652 48985 63852]
[ 1995  2316  4574 55989 63809]
[  1995   2334   4577   4585 115681]
[ 2329  4598  4605 49173 63908]
[ 1987  2325  4570 56312 63554]
[ 2316  4597  4608 48890 63690]
[ 1979  2313  4591 56633 63473]
[ 2000  2327  4611 55313 63532]
[ 2328  4576  4580 48829 63833]
[  2015   2355   4562   4606 115229]
[ 2005  2323  4599 55005 63734]
[ 1986  2320  4588 55749 63341]
[ 2001  2304  4585 54559 63708]
[ 2007  2332  4604 54480 63620]
[ 1979  2314  4599 54844 64010]
[ 2321  4574  4574 48928 64169]
[ 1992  2310  4574 54880 63862]
[  1985   2329   4559   4582 116531]
[ 2000  2329  4580 55957 63479]
[ 2323  4531  4579 48393 63875]
[ 1994  2333  4562 55447 63147]
[ 2007  2315  4575 55079 63445]
[ 1987  2321  4592 54940 63504]
[ 2002  2322  4583 56314 63749]
[  1998   2327   4573   4606 115997]
[  1990   2302   4609   4620 115873]
[ 1995  2316  4552 55837 63500]
[ 1984  2325  4587 55427 63411]
[ 1997  2323  4576 54498 63516]
[  1973   2297   4572   4576 115919]
[  2002   2335   4575   4586 116011]
[ 2001  2314  4573 55130 63726]
[ 1965  2319  4586 55147 63734]
[ 1979  2335  4575 56075 63566]
[ 2336  4590  4595 48665 64068]
[ 2336  4598  4602 49298 63794]
[  1988   2337   4596   4608 115673]
[ 2311  4580  4614 49119 64194]
[ 1981  2343  4574 55228 63437]
[ 2314  4601  4612 48184 64227]
[ 2011  2329  4589 55441 63879]
[ 2002  2299  4592 54969 63566]
[ 1991  2316  4548 54847 63476]
[  1992   2319   4579   4606 115981]
[  1996   2322   4558   4581 115630]
[ 1983  2328  4556 55231 63548]
[ 2001  2324  4595 55085 63999]
[ 2330  4608 13221 50263 55819]
[ 2000  2341  4602 54920 63714]
[ 1992  2318  4596 54793 64117]

EDGE CROSSINGS
cross: 29639 & within: 425738
cross: 30213 & within: 425164
cross: 28809 & within: 426568
cross: 33764 & within: 421613
cross: 32828 & within: 422549
cross: 28712 & within: 426665
cross: 31789 & within: 423588
cross: 32959 & within: 422418
cross: 38158 & within: 417219
cross: 32744 & within: 422633
cross: 32698 & within: 422679
cross: 38228 & within: 417149
cross: 33090 & within: 422287
cross: 33345 & within: 422032
cross: 32334 & within: 423043
cross: 32671 & within: 422706
cross: 32975 & within: 422402
cross: 33166 & within: 422211
cross: 37538 & within: 417839
cross: 32414 & within: 422963
cross: 32590 & within: 422787
cross: 28470 & within: 426907
cross: 50914 & within: 404463
cross: 32158 & within: 423219
cross: 32490 & within: 422887
cross: 38024 & within: 417353
cross: 32023 & within: 423354
cross: 29442 & within: 425935
cross: 37699 & within: 417678
cross: 31823 & within: 423554
cross: 38185 & within: 417192
cross: 31742 & within: 423635
cross: 32794 & within: 422583
cross: 38251 & within: 417126
cross: 29770 & within: 425607
cross: 33053 & within: 422324
cross: 32735 & within: 422642
cross: 33701 & within: 421676
cross: 33541 & within: 421836
cross: 32985 & within: 422392
cross: 37756 & within: 417621
cross: 33022 & within: 422355
cross: 28626 & within: 426751
cross: 32272 & within: 423105
cross: 38483 & within: 416894
cross: 33011 & within: 422366
cross: 33115 & within: 422262
cross: 33178 & within: 422199
cross: 31712 & within: 423665
cross: 29040 & within: 426337
cross: 29321 & within: 426056
cross: 32434 & within: 422943
cross: 32850 & within: 422527
cross: 33667 & within: 421710
cross: 29257 & within: 426120
cross: 29163 & within: 426214
cross: 32911 & within: 422466
cross: 33029 & within: 422348
cross: 32172 & within: 423205
cross: 37909 & within: 417468
cross: 37606 & within: 417771
cross: 29386 & within: 425991
cross: 37499 & within: 417878
cross: 32926 & within: 422451
cross: 38538 & within: 416839
cross: 32557 & within: 422820
cross: 33145 & within: 422232
cross: 33326 & within: 422051
cross: 29157 & within: 426220
cross: 29444 & within: 425933
cross: 32887 & within: 422490
cross: 32735 & within: 422642
cross: 45081 & within: 410296
cross: 33065 & within: 422312
cross: 32934 & within: 422443

MODULARITIES
0.338443002495
0.340044895573
0.335461527171
0.611072255367
0.612423823476
0.33538166732
0.611949751576
0.612538442787
0.61383618487
0.611862494747
0.611926555016
0.613454746689
0.612196612808
0.612227706506
0.612012618333
0.612194722167
0.612329233311
0.612271523205
0.613694978075
0.61190743854
0.611856108428
0.334078858791
0.622940517714
0.611868374337
0.612445516512
0.613426085481
0.611921088916
0.337369089229
0.613259101076
0.612371304646
0.613838013527
0.612185595061
0.61263423567
0.613427138726
0.338848304051
0.61202765706
0.61249622005
0.611852383467
0.612688089609
0.611611131829
0.612892469558
0.611807277395
0.334476639085
0.612406049896
0.61345987606
0.613218445373
0.612751987404
0.612676090181
0.612035723535
0.336358879454
0.336868548961
0.612526606081
0.612636220075
0.612737317779
0.336585498015
0.336229586935
0.611999436505
0.611938056577
0.612192763942
0.613208204256
0.613713965836
0.337421055318
0.612768290756
0.61276023592
0.612643570146
0.611709952573
0.612472053938
0.612675972624
0.336305664916
0.3375054256
0.612574400162
0.611711991321
0.621091621207
0.612288452412
0.611548640761
