ADJ RAND INDEX
min: 0.347360803858
median: 0.945197753683
max: 0.955989329012
mean: 0.882690082037

5 TOP CLUSTER SIZES
[ 1102  2043  2366 47860 57094]
[ 1106  2034  2356 47401 57462]
[ 1103  2039  2362 47574 57822]
[ 1106  2031  2377 47492 57807]
[ 1103  2032  2354 47765 57002]
[ 2043  2372  4825 41890 57868]
[  1106   2047   2369   4797 101465]
[ 1102  2029  2379 47728 57049]
[ 1105  2032  2359 47930 57133]
[ 1106  2039  2349 47501 57690]
[ 1097  2024  2368 47743 57045]
[ 1100  2022  2371 47944 57294]
[  1102   2045   2355   4787 101333]
[ 2037  2372  4852 41955 57330]
[ 1105  2024  2390 47952 57130]
[ 1097  2024  2374 47830 57438]
[ 1104  2030  2364 47832 57148]
[ 2044  2380  4831 42561 57623]
[ 1103  2021  2357 47606 57514]
[ 1105  2036  2367 47691 56942]
[ 1104  2031  2359 47370 57492]
[ 1105  2034  2368 47913 57107]
[ 1103  2026  2365 47515 57118]
[ 2048  2361  4782 43026 57148]
[ 1106  2017  2353 47849 57218]
[ 1104  2043  2361 47422 57417]
[ 1104  2047  2363 47348 57549]
[ 1101  2038  2356 47482 57297]
[ 1100  2031  2371 48029 57059]
[ 1102  2041  2374 47777 57101]
[ 1102  2028  2367 47586 57199]
[ 1101  2031  2372 47718 57362]
[ 1106  2027  2354 47758 56984]
[ 1104  2031  2343 48022 56920]
[ 1101  2033  2372 47833 56959]
[ 1104  2038  2352 47882 57102]
[ 2029  2366  4811 42414 57547]
[ 1104  2029  2362 47606 57332]
[ 1101  2036  2369 47709 57310]
[ 1103  2026  2354 47857 57045]
[ 1107  2026  2376 47764 57245]
[ 2030  2375  4851 42478 57330]
[ 1102  2033  2354 47562 57769]
[ 1104  2018  2355 48300 57347]
[ 1100  2031  2368 47894 57031]
[ 1100  2030  2375 47831 57076]
[ 1103  2037  2370 47778 56986]
[ 2047  2365  4831 42701 57149]
[ 2037  2359  4785 42833 57185]
[  1102   2021   2356   4803 101239]
[ 1095  2042  2356 47612 57363]
[ 1107  2016  2358 47570 57382]
[  1104   2022   2370   4849 101024]
[ 1106  2046  2353 47510 57419]
[ 1099  2026  2375 47909 57057]
[ 1104  2030  2373 47400 57784]
[ 1102  2031  2377 47532 57509]
[ 2028  2357  4823 42190 57313]
[ 1102  2012  2370 47981 57106]
[ 1101  2044  2362 47802 57068]
[ 1105  2017  2364 47579 57327]
[ 2028  2374  4834 42664 57591]
[ 1106  2023  2382 47633 57515]
[ 1099  2040  2353 47924 57036]
[ 2033  2381  4846 41653 58001]
[ 1101  2032  2359 47403 57350]
[ 1107  2054  2353 47506 57389]
[ 1100  2041  2371 47436 57486]
[ 2024  2354 13864 43173 47621]
[ 1102  2048  2374 47624 57078]
[ 1106  2026  2353 47601 57391]
[ 1108  2013  2381 47778 56984]
[ 1104  2036  2373 47568 57268]
[ 2028  2383  4834 41794 57257]
[ 1104  2032  2376 47863 57066]

EDGE CROSSINGS
cross: 23364 & within: 341706
cross: 23551 & within: 341519
cross: 23082 & within: 341988
cross: 23192 & within: 341878
cross: 23445 & within: 341625
cross: 27342 & within: 337728
cross: 20633 & within: 344437
cross: 23463 & within: 341607
cross: 23231 & within: 341839
cross: 23206 & within: 341864
cross: 23510 & within: 341560
cross: 23147 & within: 341923
cross: 20811 & within: 344259
cross: 27715 & within: 337355
cross: 23323 & within: 341747
cross: 23083 & within: 341987
cross: 23392 & within: 341678
cross: 26843 & within: 338227
cross: 23345 & within: 341725
cross: 23650 & within: 341420
cross: 23614 & within: 341456
cross: 23320 & within: 341750
cross: 23645 & within: 341425
cross: 26910 & within: 338160
cross: 23368 & within: 341702
cross: 23660 & within: 341410
cross: 23593 & within: 341477
cross: 23541 & within: 341529
cross: 23227 & within: 341843
cross: 23432 & within: 341638
cross: 23516 & within: 341554
cross: 23335 & within: 341735
cross: 23508 & within: 341562
cross: 23383 & within: 341687
cross: 23420 & within: 341650
cross: 23313 & within: 341757
cross: 27260 & within: 337810
cross: 23487 & within: 341583
cross: 23396 & within: 341674
cross: 23394 & within: 341676
cross: 23301 & within: 341769
cross: 27169 & within: 337901
cross: 23112 & within: 341958
cross: 22673 & within: 342397
cross: 23409 & within: 341661
cross: 23407 & within: 341663
cross: 23504 & within: 341566
cross: 27153 & within: 337917
cross: 27032 & within: 338038
cross: 20830 & within: 344240
cross: 23433 & within: 341637
cross: 23528 & within: 341542
cross: 21020 & within: 344050
cross: 23557 & within: 341513
cross: 23385 & within: 341685
cross: 23250 & within: 341820
cross: 23510 & within: 341560
cross: 27507 & within: 337563
cross: 23259 & within: 341811
cross: 23432 & within: 341638
cross: 23487 & within: 341583
cross: 26796 & within: 338274
cross: 23351 & within: 341719
cross: 23332 & within: 341738
cross: 27484 & within: 337586
cross: 23570 & within: 341500
cross: 23499 & within: 341571
cross: 23567 & within: 341503
cross: 35780 & within: 329290
cross: 23554 & within: 341516
cross: 23472 & within: 341598
cross: 23478 & within: 341592
cross: 23492 & within: 341578
cross: 27883 & within: 337187
cross: 23364 & within: 341706

MODULARITIES
0.566848256975
0.565960387547
0.565134503717
0.565149203618
0.567181810376
0.568153285211
0.248664271614
0.56704709727
0.566783351691
0.565475516531
0.567001442657
0.566251429569
0.249229589696
0.569667073201
0.566511133479
0.566206212825
0.566593589062
0.568811324677
0.565573133039
0.567411407339
0.565700254315
0.56671612739
0.566925663229
0.569597844621
0.566242882778
0.565844900855
0.565619833586
0.566510587098
0.566800090378
0.566860565209
0.566670854413
0.56615459155
0.567163446821
0.567059741881
0.567208829536
0.566838635288
0.56837413265
0.566059249995
0.566169045157
0.566936252363
0.566513696545
0.569435535488
0.565237818055
0.566233800951
0.566948361574
0.566918182627
0.567080125089
0.569766318096
0.569667072143
0.249596110945
0.566164689767
0.565812311244
0.25080490376
0.565826376691
0.566882305802
0.56527491012
0.565548208177
0.569654807446
0.566713223377
0.566897381933
0.566331728442
0.568748389277
0.565507277573
0.567024805791
0.567887262494
0.566219806271
0.56600956
0.565735439463
0.583302386709
0.567006735174
0.565857682321
0.56720204918
0.56649656413
0.569902161858
0.566915342917
